

{
  "total_load_met": 0.5,
  "generators": [
    {
      "max_microgrid": 0,
      "microgrid_cost": 0,
      "microgrid_fixed_cost": 0,
      "is_new": false,
      "id": "g150",
      "has_phase": [
        true,
        true,
        true
      ],
      "node_id": "150",
      "max_real_phase": [
        1.3333333333333,
        1.3333333333333,
        1.3333333333333
      ],
      "max_reactive_phase": [
        0.71965709618412,
        0.71965709618412,
        0.71965709618412
      ]
    },
    {
      "max_microgrid": 0.05,
      "microgrid_cost": 150,
      "microgrid_fixed_cost": 500,
      "is_new": true,
      "id": "g250",
      "has_phase": [
        true,
        true,
        true
      ],
      "node_id": "250",
      "max_real_phase": [
        0,
        0,
        0
      ],
      "max_reactive_phase": [
        0,
        0,
        0
      ]
    },
    {
      "max_microgrid": 0.05,
      "microgrid_cost": 150,
      "microgrid_fixed_cost": 500,
      "is_new": true,
      "id": "g450",
      "has_phase": [
        true,
        true,
        true
      ],
      "node_id": "450",
      "max_real_phase": [
        0,
        0,
        0
      ],
      "max_reactive_phase": [
        0,
        0,
        0
      ]
    },
    {
      "max_microgrid": 0.05,
      "microgrid_cost": 150,
      "microgrid_fixed_cost": 500,
      "is_new": true,
      "id": "g95",
      "has_phase": [
        true,
        true,
        true
      ],
      "node_id": "95",
      "max_real_phase": [
        0,
        0,
        0
      ],
      "max_reactive_phase": [
        0,
        0,
        0
      ]
    },
    {
      "max_microgrid": 0.05,
      "microgrid_cost": 150,
      "microgrid_fixed_cost": 500,
      "is_new": true,
      "id": "g610",
      "has_phase": [
        true,
        true,
        true
      ],
      "node_id": "610",
      "max_real_phase": [
        0,
        0,
        0
      ],
      "max_reactive_phase": [
        0,
        0,
        0
      ]
    },
    {
      "max_microgrid": 0.05,
      "microgrid_cost": 150,
      "microgrid_fixed_cost": 500,
      "is_new": true,
      "id": "g300",
      "has_phase": [
        true,
        true,
        true
      ],
      "node_id": "300",
      "max_real_phase": [
        0,
        0,
        0
      ],
      "max_reactive_phase": [
        0,
        0,
        0
      ]
    },
    {
      "max_microgrid": 0.05,
      "microgrid_cost": 150,
      "microgrid_fixed_cost": 500,
      "is_new": true,
      "id": "g48",
      "has_phase": [
        true,
        true,
        true
      ],
      "node_id": "48",
      "max_real_phase": [
        0,
        0,
        0
      ],
      "max_reactive_phase": [
        0,
        0,
        0
      ]
    },
    {
      "max_microgrid": 0.05,
      "microgrid_cost": 150,
      "microgrid_fixed_cost": 500,
      "is_new": true,
      "id": "g76",
      "has_phase": [
        true,
        true,
        true
      ],
      "node_id": "76",
      "max_real_phase": [
        0,
        0,
        0
      ],
      "max_reactive_phase": [
        0,
        0,
        0
      ]
    },
    {
      "max_microgrid": 0.05,
      "microgrid_cost": 150,
      "microgrid_fixed_cost": 500,
      "is_new": true,
      "id": "g64",
      "has_phase": [
        true,
        true,
        true
      ],
      "node_id": "64",
      "max_real_phase": [
        0,
        0,
        0
      ],
      "max_reactive_phase": [
        0,
        0,
        0
      ]
    }
  ],
  "scenarios": [
    {
      "hardened_disabled_lines": [
        
      ],
      "id": "1",
      "disable_lines": [
        "l17"
      ]
    },
    {
      "hardened_disabled_lines": [
        
      ],
      "id": "2",
      "disable_lines": [
        "l108"
      ]
    },
    {
      "hardened_disabled_lines": [
        
      ],
      "id": "3",
      "disable_lines": [
        "l51"
      ]
    },
    {
      "hardened_disabled_lines": [
        
      ],
      "id": "4",
      "disable_lines": [
        
      ]
    },
    {
      "hardened_disabled_lines": [
        
      ],
      "id": "5",
      "disable_lines": [
        "l56"
      ]
    },
    {
      "hardened_disabled_lines": [
        
      ],
      "id": "6",
      "disable_lines": [
        
      ]
    },
    {
      "hardened_disabled_lines": [
        
      ],
      "id": "7",
      "disable_lines": [
        
      ]
    },
    {
      "hardened_disabled_lines": [
        
      ],
      "id": "8",
      "disable_lines": [
        
      ]
    },
    {
      "hardened_disabled_lines": [
        
      ],
      "id": "9",
      "disable_lines": [
        "l105"
      ]
    },
    {
      "hardened_disabled_lines": [
        
      ],
      "id": "10",
      "disable_lines": [
        "l75"
      ]
    },
    {
      "hardened_disabled_lines": [
        
      ],
      "id": "11",
      "disable_lines": [
        
      ]
    },
    {
      "hardened_disabled_lines": [
        
      ],
      "id": "12",
      "disable_lines": [
        
      ]
    },
    {
      "hardened_disabled_lines": [
        
      ],
      "id": "13",
      "disable_lines": [
        
      ]
    },
    {
      "hardened_disabled_lines": [
        
      ],
      "id": "14",
      "disable_lines": [
        
      ]
    },
    {
      "hardened_disabled_lines": [
        
      ],
      "id": "15",
      "disable_lines": [
        
      ]
    },
    {
      "hardened_disabled_lines": [
        
      ],
      "id": "16",
      "disable_lines": [
        "l93"
      ]
    },
    {
      "hardened_disabled_lines": [
        
      ],
      "id": "17",
      "disable_lines": [
        "l117"
      ]
    },
    {
      "hardened_disabled_lines": [
        
      ],
      "id": "18",
      "disable_lines": [
        
      ]
    },
    {
      "hardened_disabled_lines": [
        
      ],
      "id": "19",
      "disable_lines": [
        "l32"
      ]
    },
    {
      "hardened_disabled_lines": [
        
      ],
      "id": "20",
      "disable_lines": [
        
      ]
    },
    {
      "hardened_disabled_lines": [
        
      ],
      "id": "21",
      "disable_lines": [
        "l72"
      ]
    },
    {
      "hardened_disabled_lines": [
        
      ],
      "id": "22",
      "disable_lines": [
        
      ]
    },
    {
      "hardened_disabled_lines": [
        
      ],
      "id": "23",
      "disable_lines": [
        
      ]
    },
    {
      "hardened_disabled_lines": [
        
      ],
      "id": "24",
      "disable_lines": [
        "l25"
      ]
    },
    {
      "hardened_disabled_lines": [
        
      ],
      "id": "25",
      "disable_lines": [
        
      ]
    },
    {
      "hardened_disabled_lines": [
        
      ],
      "id": "26",
      "disable_lines": [
        "l51",
        "l58"
      ]
    },
    {
      "hardened_disabled_lines": [
        
      ],
      "id": "27",
      "disable_lines": [
        "l60"
      ]
    },
    {
      "hardened_disabled_lines": [
        
      ],
      "id": "28",
      "disable_lines": [
        "l83"
      ]
    },
    {
      "hardened_disabled_lines": [
        
      ],
      "id": "29",
      "disable_lines": [
        "l23"
      ]
    },
    {
      "hardened_disabled_lines": [
        
      ],
      "id": "30",
      "disable_lines": [
        
      ]
    },
    {
      "hardened_disabled_lines": [
        
      ],
      "id": "31",
      "disable_lines": [
        "l115",
        "l86"
      ]
    },
    {
      "hardened_disabled_lines": [
        
      ],
      "id": "32",
      "disable_lines": [
        "l118"
      ]
    },
    {
      "hardened_disabled_lines": [
        
      ],
      "id": "33",
      "disable_lines": [
        "l75"
      ]
    },
    {
      "hardened_disabled_lines": [
        
      ],
      "id": "34",
      "disable_lines": [
        
      ]
    },
    {
      "hardened_disabled_lines": [
        
      ],
      "id": "35",
      "disable_lines": [
        "l40",
        "l57"
      ]
    },
    {
      "hardened_disabled_lines": [
        
      ],
      "id": "36",
      "disable_lines": [
        "l32",
        "l117"
      ]
    },
    {
      "hardened_disabled_lines": [
        
      ],
      "id": "37",
      "disable_lines": [
        
      ]
    },
    {
      "hardened_disabled_lines": [
        
      ],
      "id": "38",
      "disable_lines": [
        "l39"
      ]
    },
    {
      "hardened_disabled_lines": [
        
      ],
      "id": "39",
      "disable_lines": [
        
      ]
    },
    {
      "hardened_disabled_lines": [
        
      ],
      "id": "40",
      "disable_lines": [
        "l58"
      ]
    },
    {
      "hardened_disabled_lines": [
        
      ],
      "id": "41",
      "disable_lines": [
        "l113"
      ]
    },
    {
      "hardened_disabled_lines": [
        
      ],
      "id": "42",
      "disable_lines": [
        "l110"
      ]
    },
    {
      "hardened_disabled_lines": [
        
      ],
      "id": "43",
      "disable_lines": [
        
      ]
    },
    {
      "hardened_disabled_lines": [
        
      ],
      "id": "44",
      "disable_lines": [
        "l101"
      ]
    },
    {
      "hardened_disabled_lines": [
        
      ],
      "id": "45",
      "disable_lines": [
        "l67"
      ]
    },
    {
      "hardened_disabled_lines": [
        
      ],
      "id": "46",
      "disable_lines": [
        "l75"
      ]
    },
    {
      "hardened_disabled_lines": [
        
      ],
      "id": "47",
      "disable_lines": [
        "l95"
      ]
    },
    {
      "hardened_disabled_lines": [
        
      ],
      "id": "48",
      "disable_lines": [
        
      ]
    },
    {
      "hardened_disabled_lines": [
        
      ],
      "id": "49",
      "disable_lines": [
        "l98"
      ]
    },
    {
      "hardened_disabled_lines": [
        
      ],
      "id": "50",
      "disable_lines": [
        
      ]
    },
    {
      "hardened_disabled_lines": [
        
      ],
      "id": "51",
      "disable_lines": [
        
      ]
    },
    {
      "hardened_disabled_lines": [
        
      ],
      "id": "52",
      "disable_lines": [
        
      ]
    },
    {
      "hardened_disabled_lines": [
        
      ],
      "id": "53",
      "disable_lines": [
        "l56"
      ]
    },
    {
      "hardened_disabled_lines": [
        
      ],
      "id": "54",
      "disable_lines": [
        "l81"
      ]
    },
    {
      "hardened_disabled_lines": [
        
      ],
      "id": "55",
      "disable_lines": [
        "l84"
      ]
    },
    {
      "hardened_disabled_lines": [
        
      ],
      "id": "56",
      "disable_lines": [
        
      ]
    },
    {
      "hardened_disabled_lines": [
        
      ],
      "id": "57",
      "disable_lines": [
        "l47"
      ]
    },
    {
      "hardened_disabled_lines": [
        
      ],
      "id": "58",
      "disable_lines": [
        "l83"
      ]
    },
    {
      "hardened_disabled_lines": [
        
      ],
      "id": "59",
      "disable_lines": [
        
      ]
    },
    {
      "hardened_disabled_lines": [
        
      ],
      "id": "60",
      "disable_lines": [
        "l18",
        "l109"
      ]
    },
    {
      "hardened_disabled_lines": [
        
      ],
      "id": "61",
      "disable_lines": [
        
      ]
    },
    {
      "hardened_disabled_lines": [
        
      ],
      "id": "62",
      "disable_lines": [
        "l28",
        "l51"
      ]
    },
    {
      "hardened_disabled_lines": [
        
      ],
      "id": "63",
      "disable_lines": [
        
      ]
    },
    {
      "hardened_disabled_lines": [
        
      ],
      "id": "64",
      "disable_lines": [
        
      ]
    },
    {
      "hardened_disabled_lines": [
        
      ],
      "id": "65",
      "disable_lines": [
        "l116"
      ]
    },
    {
      "hardened_disabled_lines": [
        
      ],
      "id": "66",
      "disable_lines": [
        
      ]
    },
    {
      "hardened_disabled_lines": [
        
      ],
      "id": "67",
      "disable_lines": [
        
      ]
    },
    {
      "hardened_disabled_lines": [
        
      ],
      "id": "68",
      "disable_lines": [
        "l91"
      ]
    },
    {
      "hardened_disabled_lines": [
        
      ],
      "id": "69",
      "disable_lines": [
        "l29"
      ]
    },
    {
      "hardened_disabled_lines": [
        
      ],
      "id": "70",
      "disable_lines": [
        
      ]
    },
    {
      "hardened_disabled_lines": [
        
      ],
      "id": "71",
      "disable_lines": [
        "l87"
      ]
    },
    {
      "hardened_disabled_lines": [
        
      ],
      "id": "72",
      "disable_lines": [
        "l15",
        "l44"
      ]
    },
    {
      "hardened_disabled_lines": [
        
      ],
      "id": "73",
      "disable_lines": [
        "l37",
        "l58"
      ]
    },
    {
      "hardened_disabled_lines": [
        
      ],
      "id": "74",
      "disable_lines": [
        
      ]
    },
    {
      "hardened_disabled_lines": [
        
      ],
      "id": "75",
      "disable_lines": [
        
      ]
    },
    {
      "hardened_disabled_lines": [
        
      ],
      "id": "76",
      "disable_lines": [
        "l31"
      ]
    },
    {
      "hardened_disabled_lines": [
        
      ],
      "id": "77",
      "disable_lines": [
        "l80"
      ]
    },
    {
      "hardened_disabled_lines": [
        
      ],
      "id": "78",
      "disable_lines": [
        
      ]
    },
    {
      "hardened_disabled_lines": [
        
      ],
      "id": "79",
      "disable_lines": [
        "l36"
      ]
    },
    {
      "hardened_disabled_lines": [
        
      ],
      "id": "80",
      "disable_lines": [
        "l29"
      ]
    },
    {
      "hardened_disabled_lines": [
        
      ],
      "id": "81",
      "disable_lines": [
        
      ]
    },
    {
      "hardened_disabled_lines": [
        
      ],
      "id": "82",
      "disable_lines": [
        
      ]
    },
    {
      "hardened_disabled_lines": [
        
      ],
      "id": "83",
      "disable_lines": [
        "l102"
      ]
    },
    {
      "hardened_disabled_lines": [
        
      ],
      "id": "84",
      "disable_lines": [
        "l20"
      ]
    },
    {
      "hardened_disabled_lines": [
        
      ],
      "id": "85",
      "disable_lines": [
        "l13"
      ]
    },
    {
      "hardened_disabled_lines": [
        
      ],
      "id": "86",
      "disable_lines": [
        
      ]
    },
    {
      "hardened_disabled_lines": [
        
      ],
      "id": "87",
      "disable_lines": [
        "l8",
        "l83"
      ]
    },
    {
      "hardened_disabled_lines": [
        
      ],
      "id": "88",
      "disable_lines": [
        "l99"
      ]
    },
    {
      "hardened_disabled_lines": [
        
      ],
      "id": "89",
      "disable_lines": [
        
      ]
    },
    {
      "hardened_disabled_lines": [
        
      ],
      "id": "90",
      "disable_lines": [
        
      ]
    },
    {
      "hardened_disabled_lines": [
        
      ],
      "id": "91",
      "disable_lines": [
        
      ]
    },
    {
      "hardened_disabled_lines": [
        
      ],
      "id": "92",
      "disable_lines": [
        
      ]
    },
    {
      "hardened_disabled_lines": [
        
      ],
      "id": "93",
      "disable_lines": [
        
      ]
    },
    {
      "hardened_disabled_lines": [
        
      ],
      "id": "94",
      "disable_lines": [
        
      ]
    },
    {
      "hardened_disabled_lines": [
        
      ],
      "id": "95",
      "disable_lines": [
        
      ]
    },
    {
      "hardened_disabled_lines": [
        
      ],
      "id": "96",
      "disable_lines": [
        
      ]
    },
    {
      "hardened_disabled_lines": [
        
      ],
      "id": "97",
      "disable_lines": [
        
      ]
    },
    {
      "hardened_disabled_lines": [
        
      ],
      "id": "98",
      "disable_lines": [
        
      ]
    },
    {
      "hardened_disabled_lines": [
        
      ],
      "id": "99",
      "disable_lines": [
        "l31",
        "l73"
      ]
    },
    {
      "hardened_disabled_lines": [
        
      ],
      "id": "100",
      "disable_lines": [
        
      ]
    }
  ],
  "critical_load_met": 0.98,
  "line_codes": [
    {
      "line_code": 0,
      "num_phases": 3,
      "rmatrix": [
        [
          0.00016383112854442,
          5.585152173913e-5,
          5.4956465028355e-5
        ],
        [
          5.585152173913e-5,
          0.00016705333081285,
          5.6567565217391e-5
        ],
        [
          5.4956465028355e-5,
          5.6567565217391e-5,
          0.00016522741587902
        ]
      ],
      "xmatrix": [
        [
          0.00038594833081285,
          0.00017961992249527,
          0.00013780288657845
        ],
        [
          0.00017961992249527,
          0.00037527925708885,
          0.0001516583610586
        ],
        [
          0.00013780288657845,
          0.0001516583610586,
          0.00038132983931947
        ]
      ]
    },
    {
      "line_code": 1,
      "num_phases": 4,
      "rmatrix": [
        [
          0.00047588359924386,
          3.8065781749485e-319,
          3.8065781749485e-319
        ],
        [
          3.8065781749485e-319,
          3.8065781749485e-319,
          3.8065781749485e-319
        ],
        [
          3.8065781749485e-319,
          3.8065781749485e-319,
          3.8065781749485e-319
        ]
      ],
      "xmatrix": [
        [
          0.0004824354120983,
          3.8065781749485e-319,
          3.8065781749485e-319
        ],
        [
          3.8065781749485e-319,
          3.8065781749485e-319,
          3.8065781749485e-319
        ],
        [
          3.8065781749485e-319,
          3.8065781749485e-319,
          3.8065781749485e-319
        ]
      ]
    },
    {
      "line_code": 2,
      "num_phases": 4,
      "rmatrix": [
        [
          0.00047588359924386,
          3.8066769880776e-319,
          3.8066769880776e-319
        ],
        [
          3.8066769880776e-319,
          3.8066769880776e-319,
          3.8066769880776e-319
        ],
        [
          3.8066769880776e-319,
          3.8066769880776e-319,
          3.8066769880776e-319
        ]
      ],
      "xmatrix": [
        [
          0.0004824354120983,
          3.8066769880776e-319,
          3.8066769880776e-319
        ],
        [
          3.8066769880776e-319,
          3.8066769880776e-319,
          3.8066769880776e-319
        ],
        [
          3.8066769880776e-319,
          3.8066769880776e-319,
          3.8066769880776e-319
        ]
      ]
    },
    {
      "line_code": 3,
      "num_phases": 6,
      "rmatrix": [
        [
          0.00016383112854442,
          5.585152173913e-5,
          5.4956465028355e-5
        ],
        [
          5.585152173913e-5,
          0.00016705333081285,
          5.6567565217391e-5
        ],
        [
          5.4956465028355e-5,
          5.6567565217391e-5,
          0.00016522741587902
        ]
      ],
      "xmatrix": [
        [
          0.00038594833081285,
          0.00017961992249527,
          0.00013780288657845
        ],
        [
          0.00017961992249527,
          0.00037527925708885,
          0.0001516583610586
        ],
        [
          0.00013780288657845,
          0.0001516583610586,
          0.00038132983931947
        ]
      ]
    },
    {
      "line_code": 4,
      "num_phases": 4,
      "rmatrix": [
        [
          0.00047588359924386,
          3.8067758012068e-319,
          3.8067758012068e-319
        ],
        [
          3.8067758012068e-319,
          3.8067758012068e-319,
          3.8067758012068e-319
        ],
        [
          3.8067758012068e-319,
          3.8067758012068e-319,
          3.8067758012068e-319
        ]
      ],
      "xmatrix": [
        [
          0.0004824354120983,
          3.8067758012068e-319,
          3.8067758012068e-319
        ],
        [
          3.8067758012068e-319,
          3.8067758012068e-319,
          3.8067758012068e-319
        ],
        [
          3.8067758012068e-319,
          3.8067758012068e-319,
          3.8067758012068e-319
        ]
      ]
    },
    {
      "line_code": 5,
      "num_phases": 4,
      "rmatrix": [
        [
          0.00047588359924386,
          3.8067263946422e-319,
          3.8067263946422e-319
        ],
        [
          3.8067263946422e-319,
          3.8067263946422e-319,
          3.8067263946422e-319
        ],
        [
          3.8067263946422e-319,
          3.8067263946422e-319,
          3.8067263946422e-319
        ]
      ],
      "xmatrix": [
        [
          0.0004824354120983,
          3.8067263946422e-319,
          3.8067263946422e-319
        ],
        [
          3.8067263946422e-319,
          3.8067263946422e-319,
          3.8067263946422e-319
        ],
        [
          3.8067263946422e-319,
          3.8067263946422e-319,
          3.8067263946422e-319
        ]
      ]
    },
    {
      "line_code": 6,
      "num_phases": 4,
      "rmatrix": [
        [
          0.00047588359924386,
          3.8066769880776e-319,
          3.8066769880776e-319
        ],
        [
          3.8066769880776e-319,
          3.8066769880776e-319,
          3.8066769880776e-319
        ],
        [
          3.8066769880776e-319,
          3.8066769880776e-319,
          3.8066769880776e-319
        ]
      ],
      "xmatrix": [
        [
          0.0004824354120983,
          3.8066769880776e-319,
          3.8066769880776e-319
        ],
        [
          3.8066769880776e-319,
          3.8066769880776e-319,
          3.8066769880776e-319
        ],
        [
          3.8066769880776e-319,
          3.8066769880776e-319,
          3.8066769880776e-319
        ]
      ]
    },
    {
      "line_code": 7,
      "num_phases": 6,
      "rmatrix": [
        [
          0.00016383112854442,
          5.585152173913e-5,
          5.4956465028355e-5
        ],
        [
          5.585152173913e-5,
          0.00016705333081285,
          5.6567565217391e-5
        ],
        [
          5.4956465028355e-5,
          5.6567565217391e-5,
          0.00016522741587902
        ]
      ],
      "xmatrix": [
        [
          0.00038594833081285,
          0.00017961992249527,
          0.00013780288657845
        ],
        [
          0.00017961992249527,
          0.00037527925708885,
          0.0001516583610586
        ],
        [
          0.00013780288657845,
          0.0001516583610586,
          0.00038132983931947
        ]
      ]
    },
    {
      "line_code": 8,
      "num_phases": 4,
      "rmatrix": [
        [
          0.00047588359924386,
          3.8067263946422e-319,
          3.8067263946422e-319
        ],
        [
          3.8067263946422e-319,
          3.8067263946422e-319,
          3.8067263946422e-319
        ],
        [
          3.8067263946422e-319,
          3.8067263946422e-319,
          3.8067263946422e-319
        ]
      ],
      "xmatrix": [
        [
          0.0004824354120983,
          3.8067263946422e-319,
          3.8067263946422e-319
        ],
        [
          3.8067263946422e-319,
          3.8067263946422e-319,
          3.8067263946422e-319
        ],
        [
          3.8067263946422e-319,
          3.8067263946422e-319,
          3.8067263946422e-319
        ]
      ]
    },
    {
      "line_code": 9,
      "num_phases": 4,
      "rmatrix": [
        [
          0.00047588359924386,
          3.8067263946422e-319,
          3.8067263946422e-319
        ],
        [
          3.8067263946422e-319,
          3.8067263946422e-319,
          3.8067263946422e-319
        ],
        [
          3.8067263946422e-319,
          3.8067263946422e-319,
          3.8067263946422e-319
        ]
      ],
      "xmatrix": [
        [
          0.0004824354120983,
          3.8067263946422e-319,
          3.8067263946422e-319
        ],
        [
          3.8067263946422e-319,
          3.8067263946422e-319,
          3.8067263946422e-319
        ],
        [
          3.8067263946422e-319,
          3.8067263946422e-319,
          3.8067263946422e-319
        ]
      ]
    },
    {
      "line_code": 10,
      "num_phases": 6,
      "rmatrix": [
        [
          0.00016383112854442,
          5.585152173913e-5,
          5.4956465028355e-5
        ],
        [
          5.585152173913e-5,
          0.00016705333081285,
          5.6567565217391e-5
        ],
        [
          5.4956465028355e-5,
          5.6567565217391e-5,
          0.00016522741587902
        ]
      ],
      "xmatrix": [
        [
          0.00038594833081285,
          0.00017961992249527,
          0.00013780288657845
        ],
        [
          0.00017961992249527,
          0.00037527925708885,
          0.0001516583610586
        ],
        [
          0.00013780288657845,
          0.0001516583610586,
          0.00038132983931947
        ]
      ]
    },
    {
      "line_code": 11,
      "num_phases": 4,
      "rmatrix": [
        [
          0.00047588359924386,
          3.8066275815131e-319,
          3.8066275815131e-319
        ],
        [
          3.8066275815131e-319,
          3.8066275815131e-319,
          3.8066275815131e-319
        ],
        [
          3.8066275815131e-319,
          3.8066275815131e-319,
          3.8066275815131e-319
        ]
      ],
      "xmatrix": [
        [
          0.0004824354120983,
          3.8066275815131e-319,
          3.8066275815131e-319
        ],
        [
          3.8066275815131e-319,
          3.8066275815131e-319,
          3.8066275815131e-319
        ],
        [
          3.8066275815131e-319,
          3.8066275815131e-319,
          3.8066275815131e-319
        ]
      ]
    },
    {
      "line_code": 12,
      "num_phases": 4,
      "rmatrix": [
        [
          0.00047588359924386,
          3.8066275815131e-319,
          3.8066275815131e-319
        ],
        [
          3.8066275815131e-319,
          3.8066275815131e-319,
          3.8066275815131e-319
        ],
        [
          3.8066275815131e-319,
          3.8066275815131e-319,
          3.8066275815131e-319
        ]
      ],
      "xmatrix": [
        [
          0.0004824354120983,
          3.8066275815131e-319,
          3.8066275815131e-319
        ],
        [
          3.8066275815131e-319,
          3.8066275815131e-319,
          3.8066275815131e-319
        ],
        [
          3.8066275815131e-319,
          3.8066275815131e-319,
          3.8066275815131e-319
        ]
      ]
    },
    {
      "line_code": 13,
      "num_phases": 6,
      "rmatrix": [
        [
          0.00016705333081285,
          5.6567561436673e-5,
          5.585152173913e-5
        ],
        [
          5.6567561436673e-5,
          0.00016522741587902,
          5.4956465028355e-5
        ],
        [
          5.585152173913e-5,
          5.4956465028355e-5,
          0.00016383112854442
        ]
      ],
      "xmatrix": [
        [
          0.00037527925708885,
          0.0001516583610586,
          0.00017961992249527
        ],
        [
          0.0001516583610586,
          0.00038132983931947,
          0.00013780288657845
        ],
        [
          0.00017961992249527,
          0.00013780288657845,
          0.00038594833081285
        ]
      ]
    },
    {
      "line_code": 14,
      "num_phases": 4,
      "rmatrix": [
        [
          0.00047588359924386,
          3.8066769880776e-319,
          3.8066769880776e-319
        ],
        [
          3.8066769880776e-319,
          3.8066769880776e-319,
          3.8066769880776e-319
        ],
        [
          3.8066769880776e-319,
          3.8066769880776e-319,
          3.8066769880776e-319
        ]
      ],
      "xmatrix": [
        [
          0.0004824354120983,
          3.8066769880776e-319,
          3.8066769880776e-319
        ],
        [
          3.8066769880776e-319,
          3.8066769880776e-319,
          3.8066769880776e-319
        ],
        [
          3.8066769880776e-319,
          3.8066769880776e-319,
          3.8066769880776e-319
        ]
      ]
    },
    {
      "line_code": 15,
      "num_phases": 4,
      "rmatrix": [
        [
          0.00047588359924386,
          3.8066769880776e-319,
          3.8066769880776e-319
        ],
        [
          3.8066769880776e-319,
          3.8066769880776e-319,
          3.8066769880776e-319
        ],
        [
          3.8066769880776e-319,
          3.8066769880776e-319,
          3.8066769880776e-319
        ]
      ],
      "xmatrix": [
        [
          0.0004824354120983,
          3.8066769880776e-319,
          3.8066769880776e-319
        ],
        [
          3.8066769880776e-319,
          3.8066769880776e-319,
          3.8066769880776e-319
        ],
        [
          3.8066769880776e-319,
          3.8066769880776e-319,
          3.8066769880776e-319
        ]
      ]
    },
    {
      "line_code": 16,
      "num_phases": 4,
      "rmatrix": [
        [
          0.00047588359924386,
          3.8066769880776e-319,
          3.8066769880776e-319
        ],
        [
          3.8066769880776e-319,
          3.8066769880776e-319,
          3.8066769880776e-319
        ],
        [
          3.8066769880776e-319,
          3.8066769880776e-319,
          3.8066769880776e-319
        ]
      ],
      "xmatrix": [
        [
          0.0004824354120983,
          3.8066769880776e-319,
          3.8066769880776e-319
        ],
        [
          3.8066769880776e-319,
          3.8066769880776e-319,
          3.8066769880776e-319
        ],
        [
          3.8066769880776e-319,
          3.8066769880776e-319,
          3.8066769880776e-319
        ]
      ]
    },
    {
      "line_code": 17,
      "num_phases": 4,
      "rmatrix": [
        [
          0.00047588359924386,
          3.8067263946422e-319,
          3.8067263946422e-319
        ],
        [
          3.8067263946422e-319,
          3.8067263946422e-319,
          3.8067263946422e-319
        ],
        [
          3.8067263946422e-319,
          3.8067263946422e-319,
          3.8067263946422e-319
        ]
      ],
      "xmatrix": [
        [
          0.0004824354120983,
          3.8067263946422e-319,
          3.8067263946422e-319
        ],
        [
          3.8067263946422e-319,
          3.8067263946422e-319,
          3.8067263946422e-319
        ],
        [
          3.8067263946422e-319,
          3.8067263946422e-319,
          3.8067263946422e-319
        ]
      ]
    },
    {
      "line_code": 18,
      "num_phases": 4,
      "rmatrix": [
        [
          0.00047588359924386,
          3.8066769880776e-319,
          3.8066769880776e-319
        ],
        [
          3.8066769880776e-319,
          3.8066769880776e-319,
          3.8066769880776e-319
        ],
        [
          3.8066769880776e-319,
          3.8066769880776e-319,
          3.8066769880776e-319
        ]
      ],
      "xmatrix": [
        [
          0.0004824354120983,
          3.8066769880776e-319,
          3.8066769880776e-319
        ],
        [
          3.8066769880776e-319,
          3.8066769880776e-319,
          3.8066769880776e-319
        ],
        [
          3.8066769880776e-319,
          3.8066769880776e-319,
          3.8066769880776e-319
        ]
      ]
    },
    {
      "line_code": 19,
      "num_phases": 6,
      "rmatrix": [
        [
          0.00016705333081285,
          5.6567561436673e-5,
          5.585152173913e-5
        ],
        [
          5.6567561436673e-5,
          0.00016522741587902,
          5.4956465028355e-5
        ],
        [
          5.585152173913e-5,
          5.4956465028355e-5,
          0.00016383112854442
        ]
      ],
      "xmatrix": [
        [
          0.00037527925708885,
          0.0001516583610586,
          0.00017961992249527
        ],
        [
          0.0001516583610586,
          0.00038132983931947,
          0.00013780288657845
        ],
        [
          0.00017961992249527,
          0.00013780288657845,
          0.00038594833081285
        ]
      ]
    },
    {
      "line_code": 20,
      "num_phases": 4,
      "rmatrix": [
        [
          0.00047588359924386,
          3.8067263946422e-319,
          3.8067263946422e-319
        ],
        [
          3.8067263946422e-319,
          3.8067263946422e-319,
          3.8067263946422e-319
        ],
        [
          3.8067263946422e-319,
          3.8067263946422e-319,
          3.8067263946422e-319
        ]
      ],
      "xmatrix": [
        [
          0.0004824354120983,
          3.8067263946422e-319,
          3.8067263946422e-319
        ],
        [
          3.8067263946422e-319,
          3.8067263946422e-319,
          3.8067263946422e-319
        ],
        [
          3.8067263946422e-319,
          3.8067263946422e-319,
          3.8067263946422e-319
        ]
      ]
    },
    {
      "line_code": 21,
      "num_phases": 4,
      "rmatrix": [
        [
          0.00047588359924386,
          3.8066769880776e-319,
          3.8066769880776e-319
        ],
        [
          3.8066769880776e-319,
          3.8066769880776e-319,
          3.8066769880776e-319
        ],
        [
          3.8066769880776e-319,
          3.8066769880776e-319,
          3.8066769880776e-319
        ]
      ],
      "xmatrix": [
        [
          0.0004824354120983,
          3.8066769880776e-319,
          3.8066769880776e-319
        ],
        [
          3.8066769880776e-319,
          3.8066769880776e-319,
          3.8066769880776e-319
        ],
        [
          3.8066769880776e-319,
          3.8066769880776e-319,
          3.8066769880776e-319
        ]
      ]
    },
    {
      "line_code": 22,
      "num_phases": 6,
      "rmatrix": [
        [
          0.00016705333081285,
          5.6567561436673e-5,
          5.585152173913e-5
        ],
        [
          5.6567561436673e-5,
          0.00016522741587902,
          5.4956465028355e-5
        ],
        [
          5.585152173913e-5,
          5.4956465028355e-5,
          0.00016383112854442
        ]
      ],
      "xmatrix": [
        [
          0.00037527925708885,
          0.0001516583610586,
          0.00017961992249527
        ],
        [
          0.0001516583610586,
          0.00038132983931947,
          0.00013780288657845
        ],
        [
          0.00017961992249527,
          0.00013780288657845,
          0.00038594833081285
        ]
      ]
    },
    {
      "line_code": 23,
      "num_phases": 4,
      "rmatrix": [
        [
          0.00047588359924386,
          3.8066275815131e-319,
          3.8066275815131e-319
        ],
        [
          3.8066275815131e-319,
          3.8066275815131e-319,
          3.8066275815131e-319
        ],
        [
          3.8066275815131e-319,
          3.8066275815131e-319,
          3.8066275815131e-319
        ]
      ],
      "xmatrix": [
        [
          0.0004824354120983,
          3.8066275815131e-319,
          3.8066275815131e-319
        ],
        [
          3.8066275815131e-319,
          3.8066275815131e-319,
          3.8066275815131e-319
        ],
        [
          3.8066275815131e-319,
          3.8066275815131e-319,
          3.8066275815131e-319
        ]
      ]
    },
    {
      "line_code": 24,
      "num_phases": 6,
      "rmatrix": [
        [
          0.00016705333081285,
          5.6567561436673e-5,
          5.585152173913e-5
        ],
        [
          5.6567561436673e-5,
          0.00016522741587902,
          5.4956465028355e-5
        ],
        [
          5.585152173913e-5,
          5.4956465028355e-5,
          0.00016383112854442
        ]
      ],
      "xmatrix": [
        [
          0.00037527925708885,
          0.0001516583610586,
          0.00017961992249527
        ],
        [
          0.0001516583610586,
          0.00038132983931947,
          0.00013780288657845
        ],
        [
          0.00017961992249527,
          0.00013780288657845,
          0.00038594833081285
        ]
      ]
    },
    {
      "line_code": 25,
      "num_phases": 5,
      "rmatrix": [
        [
          0.00016383112854442,
          5.4956465028355e-5,
          5.4956465028355e-5
        ],
        [
          0.00016522741587902,
          3.8067263946422e-319,
          3.8067263946422e-319
        ],
        [
          3.8067263946422e-319,
          3.8067263946422e-319,
          3.8067263946422e-319
        ]
      ],
      "xmatrix": [
        [
          0.00038594833081285,
          0.00013780288657845,
          0.00013780288657845
        ],
        [
          0.00038132983931947,
          3.8067263946422e-319,
          3.8067263946422e-319
        ],
        [
          3.8067263946422e-319,
          3.8067263946422e-319,
          3.8067263946422e-319
        ]
      ]
    },
    {
      "line_code": 26,
      "num_phases": 6,
      "rmatrix": [
        [
          0.00016705333081285,
          5.6567561436673e-5,
          5.585152173913e-5
        ],
        [
          5.6567561436673e-5,
          0.00016522741587902,
          5.4956465028355e-5
        ],
        [
          5.585152173913e-5,
          5.4956465028355e-5,
          0.00016383112854442
        ]
      ],
      "xmatrix": [
        [
          0.00037527925708885,
          0.0001516583610586,
